1 1.1101715310861546 1.4900815622550025 0.6045870271237924 1.099624506023572
1 1.1101715310861546 1.4900815622550025 0.6045870271237924 1.099624506023572
1 1.1101715310861546 1.4900815622550025 0.6045870271237924 1.099624506023572
1 1.0562065577408708 1.4534142958846048 0.5664563091246331 1.0643836799994943
1 1.1101715310861546 1.4900815622550025 0.6045870271237924 1.099624506023572
2 0.9837376691724347 1.4026672229523542 0.5244135203112886 1.024122571093215
2 0.9436357101814425 1.3737799752372595 0.4982715403851696 0.9982700440113081
2 0.9837930244118277 1.4027066866681912 0.5244985222109102 1.0242055674628119
2 0.9837479567018338 1.402674557195527 0.5244290101015127 1.0241376959193649
2 0.9837674203538569 1.4026884332266072 0.5244586859831148 1.024166671966155
3 0.06677893896131702 0.36545571266931104 0.031934356726875425 0.2527226017865257
3 0.9263403953616286 1.3611321723929888 0.474184640046248 0.9738425335199198
3 0.06535931041994338 0.36155030194965504 0.032393046092556346 0.25453112223284735
3 0.06451293788301311 0.3592017201601716 0.03070705328130913 0.247818696959326
3 0.06512972314294686 0.3609147354790238 0.031043128143799347 0.24917113855259942
4 0.05572440837571092 0.33383950747540625 0.02352188538081512 0.2168957601282935
4 0.055545723827301774 0.3333038368435076 0.02453191390250778 0.22150356160796955
4 0.055921308273857 0.33442879144552434 0.023774872413755803 0.2180590397748087
4 0.05356465096792113 0.3273061287783079 0.021693881780666887 0.20829729609702996
4 0.05582928521952278 0.33415351328251147 0.02382595771239222 0.21829318684921076
5 0.04966823339727898 0.3151768817577805 0.021310287725545805 0.2064475125815073
5 0.050206687110946245 0.316880693987331 0.014244681608479286 0.1687879237888735
5 0.057413650745427265 0.3388617734281259 0.02412223355173215 0.21964623170786313
5 0.050319009354037394 0.31723495820617686 0.02407492387462694 0.21943073565308457
5 0.05567530188481836 0.333692378950489 0.023605106976245967 0.2172791153159731
6 0.05109299726136274 0.3196654415521413 0.023760551396357438 0.21799335492788507
6 0.04477707547221937 0.2992559956699928 0.012338385956745083 0.1570884206855813
6 0.04806563614566864 0.3100504350768392 0.014204143281341827 0.1685475795218776
6 0.05054874923471659 0.31795832819637415 0.02431155687208183 0.22050649365531994
6 0.04965101135379709 0.3151222345496969 0.021194825651730594 0.20588747242962888
7 0.06556240088006597 0.3621115874425064 0.03688379919786249 0.2716019116201596
7 0.05073568655845935 0.3185457158979205 0.018555344510828155 0.19264134816195694
7 0.05274766066609012 0.3248004330849641 0.015960390626724157 0.17866387786412874
7 0.04482568962858577 0.29941840166758543 0.013346774124502723 0.16338160315349293
7 0.05028870169259171 0.3171394068626342 0.023958209407258305 0.21889819280779046
8 0.05253049434360912 0.324131128846364 0.014510456358146077 0.1703552544428617
8 0.04616830331027634 0.303869390726596 0.016048064373564066 0.17915392473269495
8 0.05081376737184114 0.31879073817111164 0.021085859555678252 0.20535753969931686
8 0.043944182370987725 0.29645971858243314 0.012539440521453435 0.1583631303141829
8 0.04636198638727448 0.3045061128689356 0.01341014381164819 0.16376900690697366
9 0.04422648129441396 0.2974104278414392 0.012883553075016136 0.1605213573018627
9 0.04473037850250441 0.2990999114092293 0.013307036551730851 0.1631382024648479
9 0.04491722041210041 0.2997239410260729 0.012604603627108748 0.1587740761403369
9 0.045021185883614964 0.30007061130212326 0.012431604943166138 0.15768072135277755
9 0.043569198822580965 0.2951921368281376 0.013258807195761873 0.16284229914713114
10 0.050668653822952874 0.31833521270180865 0.021490400023748545 0.20731811316789733
10 0.04420412408422529 0.2973352454191238 0.013064068511881275 0.16164200265946518
10 0.051045270733480745 0.319516105176189 0.023837284701676988 0.21834506956502125
10 0.04460626305105123 0.2986846599711851 0.013040758152075359 0.16149772847984803
10 0.045186640556128234 0.30062149143442235 0.012647071432957693 0.15904132439688556
11 0.044496045041189224 0.29831542045690235 0.013030701516649071 0.16143544540558044
11 0.055532405168275366 0.3332638749347891 0.02193430419500942 0.20944834301091722
11 0.055982026968456486 0.33461030160010463 0.022732761058385332 0.21322645735642343
11 0.05072301668433576 0.3185059392988952 0.020812303967896052 0.2040210967909743
11 0.04359560648407028 0.2952815825075119 0.013497415554564846 0.16430103806467472
12 0.051587042983283246 0.3212072321205836 0.023989936041828686 0.2190430827112725
12 0.045202338177888865 0.30067370413086963 0.013022760161788206 0.16138624576950916
12 0.048551161812753374 0.31161245742990884 0.02050207309449674 0.20249480533829375
12 0.046990329660994624 0.3065626515444914 0.014542005839370454 0.1705403520541133
12 0.04952361017181228 0.31471768355722335 0.020694787779576056 0.20344428121515756
13 0.04351399171205823 0.2950050566077071 0.01235310931264883 0.15718211929255077
13 0.04796249099396328 0.3097175842407508 0.014486610280661647 0.17021521835994363
13 0.050041158607000986 0.3163578941863186 0.023169447566016615 0.21526470944405454
13 0.05001245633003612 0.3162671539380469 0.022330326981150842 0.21133067444718404
13 0.0459909237258608 0.3032850926961653 0.013587896685171795 0.16485082156405406
14 0.049594112888255486 0.31494162280732435 0.020533070214442666 0.20264782364704864
14 0.04934016440814566 0.31413425285423957 0.01587392200767626 0.1781792468705391
14 0.05954147618470415 0.34508397872026497 0.026545413808115495 0.23041446919894373
14 0.04500264098419002 0.30000880315147427 0.013111280495107368 0.1619338166974852
14 0.04660135305356401 0.3052911824916141 0.012607808719460946 0.15879426135387226
15 0.04417656484206165 0.297242543529898 0.012964121273029 0.16102249080814146
15 0.04480425087165213 0.299346791770522 0.013110595751450214 0.16192958810205263
15 0.04841769082679074 0.3111838389980776 0.01508319767351709 0.17368475853405843
15 0.046348880331169635 0.3044630694556226 0.013788627383676916 0.1660640080431453
15 0.04847200710476183 0.3113583373053043 0.015163482697277231 0.1741463907020598
16 0.04805805670450519 0.31002598828003175 0.014215966429496655 0.1686177121745913
16 0.04674179476710502 0.3057508618699382 0.014341699714507104 0.16936174133792498
16 0.0471450736742999 0.3070670079129306 0.014328321102906084 0.1692827286104881
16 0.055112564662034624 0.3320017007849045 0.02295906605598142 0.2142851654034008
16 0.04604066731282214 0.3034490643018104 0.014036234952891859 0.1675484106334158
17 0.0542888620017807 0.32951134123662784 0.020720980829762342 0.20357298853120145
17 0.04714130134496071 0.30705472263087147 0.01413412000573985 0.16813161514563435
17 0.04673138185726691 0.3057168031275576 0.015044887545652906 0.17346404552905428
17 0.04797862055864101 0.30976965816116014 0.014528677519862981 0.17046218067279897
17 0.04459973237173834 0.29866279437431886 0.012374507627769886 0.1573181974710484
18 0.04930890860986016 0.3140347388740939 0.01589272241786972 0.17828472967626655
18 0.051951489198746766 0.32233984922360054 0.016630251333369997 0.18237462177271266
18 0.05434449900474154 0.3296801450034307 0.02139566728704032 0.20686066463704655
18 0.05164498723941961 0.3213875767338234 0.019111661080375576 0.19550785703073714
18 0.04668226832050597 0.30555611046256614 0.014648629621845596 0.17116442166434936
19 0.04814882068017745 0.31031861265537214 0.014613728077314403 0.17096039352618725
19 0.04707686492146503 0.3068447976468398 0.013936090485884194 0.16694963603365054
19 0.05194855645345867 0.3223307507932145 0.02212113996606728 0.2103384889461141
19 0.04751619552370552 0.3082732408877083 0.014734155884563617 0.17166336758064382
19 0.04810155132200168 0.3101662500079649 0.01543811250073484 0.17571631967882118
20 0.05678285848962218 0.33699512901412143 0.022484629052943125 0.21205956263721343
20 0.05037636731662681 0.3174157126439295 0.0170251056332729 0.1845269933276587
20 0.047902408131440206 0.3095235310325863 0.015483535048576868 0.17597462912918366
20 0.045458979483516265 0.30152605022954904 0.01318446466848841 0.16238512658792623
20 0.05428460345135392 0.3294984171474999 0.01996083547539757 0.1998040814167597
