Normalnie:
0,01 0,1 1,2151394673676137 11 15,796
0,01 0,1 1,0258637860310926 9 11,468
0,01 0,1 1,0151359807398226 9 11,952
0,01 0,1 1,07134649911192 10 12,884
0,01 0,1 0,9423704396584173 6 10,176
0,01 0,1 1,192655873867942 12 14,422727272727272
0,01 0,1 1,059037398704382 9 12,132
0,01 0,1 0,8939188236238367 4 9,674897119341564
0,01 0,1 0,9319998535627257 5 9,996
0,01 0,1 1,0159840051420144 8 11,396
0,01 0,1 1,160638164244422 9 12,768
0,01 0,1 1,0147122759129026 7 9,872
0,01 0,1 0,984278467707698 8 11,864
0,01 0,1 1,0723404803697263 9 12,448
0,01 0,1 0,9362273735250844 7 10,268
0,01 0,1 1,1108162505966033 9 14,380733944954128
0,01 0,1 1,0561194973015684 8 12,572
0,01 0,1 1,0907977509908873 9 11,932
0,01 0,1 1,0697786654275256 10 12,112195121951219
0,01 0,1 1,0489266697022641 10 12,696517412935323

Wieksze_parametry:
0,03 0,3 0,9865135575680141 1 7,812
0,03 0,3 0,8590697741168082 0 3,792
0,03 0,3 0,9662013908813791 0 2,348
0,03 0,3 0,8168658669980542 0 1,364
0,03 0,3 0,7294463875624319 0 0,864
0,03 0,3 0,8705915302814317 0 1,184
0,03 0,3 0,8995349710722553 0 6,436
0,03 0,3 0,7985970391851341 0 3,044
0,03 0,3 0,8373993118500193 0 0,912
0,03 0,3 0,7947917881472222 0 5,096
0,03 0,3 0,88789678738275 1 6,384
0,03 0,3 0,8554845214147133 0 3,64
0,03 0,3 0,8383295370947066 0 4,712
0,03 0,3 0,821646765757389 0 4,12
0,03 0,3 0,7657888732724765 0 2,424
0,03 0,3 0,8085790285269031 0 4,156
0,03 0,3 0,9110655698002076 0 5,524
0,03 0,3 0,7912527258663706 0 1,46
0,03 0,3 0,8665196172841811 1 3,208
0,03 0,3 0,755953883467767 0 2,1

Meczenie_neuronow:
0,03 0,3 1,3597034752931352 0 0,02
0,03 0,3 1,3264357720767277 0 0,052
0,03 0,3 2,149594862370079 0 0,0
0,03 0,3 1,260471766211233 0 0,0
0,03 0,3 1,4226583665975272 0 0,0
0,03 0,3 1,4577259370242097 0 0,0
0,03 0,3 1,2363691724063604 0 0,4
0,03 0,3 1,3832937529051108 0 0,0
0,03 0,3 1,6843733795696978 0 0,0
0,03 0,3 1,3248893611974009 0 0,468
0,03 0,3 1,5069452342784337 0 0,0
0,03 0,3 1,2534140085386156 0 0,012
0,03 0,3 1,2297607132938553 0 0,04
0,03 0,3 1,3491441309095222 0 0,0
0,03 0,3 1,3496059455073868 0 0,0
0,03 0,3 1,4458801321021038 0 0,0
0,03 0,3 1,4396861178637448 0 0,0
0,03 0,3 1,9800155491701985 0 0,1
0,03 0,3 1,3920414565537318 0 0,0
0,03 0,3 1,5707743824597955 0 0,0

Rownoodlegle_na_srodkowej_lini_oraz_meczenie:
0,03 0,3 1,47740801405062 0 0,0
0,03 0,3 1,3814091148328838 0 0,004
0,03 0,3 1,4210877614893551 0 0,008
0,03 0,3 1,4080256026069593 0 0,0
0,03 0,3 1,3588621883711616 0 0,0
0,03 0,3 1,4534897924457912 0 0,056
0,03 0,3 1,282238992643725 0 0,052
0,03 0,3 1,4213775387177234 0 0,0
0,03 0,3 1,4122451920403662 0 0,032
0,03 0,3 1,4130482119338197 0 0,02
0,03 0,3 1,3156972070690243 0 0,0
0,03 0,3 1,3956081633120618 0 0,496
0,03 0,3 1,4264646421700329 0 0,02
0,03 0,3 1,3196909804849803 0 0,024
0,03 0,3 1,3441688994303624 0 0,064
0,03 0,3 1,5044183185819804 0 0,0
0,03 0,3 1,4742639698447204 0 0,0
0,03 0,3 1,2456923348807396 0 0,108
0,03 0,3 1,2903253004412112 0 0,008
0,03 0,3 1,4693814742103057 0 0,0

Rownoodlegle_na_symetrycznych_liniach_oraz_meczenie:
0,03 0,3 1,257219083533286 0 0,048
0,03 0,3 1,2708382717461226 0 0,38
0,03 0,3 1,3482067800730064 0 0,08
0,03 0,3 1,357915923705403 0 0,0
0,03 0,3 1,229363944461554 0 0,104
0,03 0,3 1,3752624599555017 0 0,0
0,03 0,3 1,2971398420772646 0 0,088
0,03 0,3 1,2538028252207702 0 0,0
0,03 0,3 1,4003139625223342 0 0,016
0,03 0,3 1,3962680877466995 0 0,112
0,03 0,3 1,3670832029671964 0 0,0
0,03 0,3 1,3276088768473266 0 0,088
0,03 0,3 1,3903470990880766 0 0,044
0,03 0,3 1,3368740422267633 0 0,016
0,03 0,3 1,3523374102471326 0 0,82
0,03 0,3 1,4278966461098148 0 0,08
0,03 0,3 1,3523041839756644 0 0,008
0,03 0,3 1,408395678274028 0 0,048
0,03 0,3 1,3686435583993337 0 0,036
0,03 0,3 1,347488581445177 0 0,0
