Normalnie:
0,001 0,01 1,071038225672458 6 7,816
0,001 0,01 1,2968302738925026 9 9,48
0,001 0,01 1,2350863239078829 10 10,984
0,001 0,01 1,1727722620255532 10 10,0
0,001 0,01 1,276904785642834 9 9,808
0,001 0,01 1,1892159744217667 7 8,76
0,001 0,01 1,1938933436371246 8 8,936
0,001 0,01 1,3913748402721202 9 11,056
0,001 0,01 1,2260184227695299 9 9,936
0,001 0,01 1,1240618947077567 9 9,0
0,001 0,01 1,3212001542074063 11 11,24
0,001 0,01 1,2293661941566791 9 9,992
0,001 0,01 1,098547742184742 7 7,984
0,001 0,01 1,1549087281131516 7 7,536
0,001 0,01 1,1810977061556298 7 8,0
0,001 0,01 1,1521336599893541 10 10,816
0,001 0,01 1,0694666719547135 8 8,4
0,001 0,01 1,171469146920607 7 7,976
0,001 0,01 1,0236260005485904 5 5,904
0,001 0,01 1,2114585645933864 8 8,952

Wieksze_wagi
0,01 0,1 1,1157825949418625 4 4,016
0,01 0,1 1,0076752699393166 1 3,16
0,01 0,1 0,9523721187829032 4 5,288
0,01 0,1 0,9713914826603008 3 3,504
0,01 0,1 1,1344740029106217 3 6,136
0,01 0,1 0,9992891372622311 3 4,024
0,01 0,1 1,1997539971524058 1 2,8
0,01 0,1 0,9379228876917253 5 6,08
0,01 0,1 1,1598385399149307 4 6,328
0,01 0,1 1,2554140185407074 3 3,632
0,01 0,1 0,9416787662785155 0 4,864
0,01 0,1 1,158850735392863 2 4,264
0,01 0,1 1,0781825271632466 2 2,472
0,01 0,1 1,0493061237818444 3 4,608
0,01 0,1 1,0330470034315393 4 6,064
0,01 0,1 0,9515416071975843 2 2,056
0,01 0,1 0,9554523170844984 4 4,552
0,01 0,1 0,962233792424478 4 5,152
0,01 0,1 1,132166767878804 2 2,496
0,01 0,1 0,9805825491770607 1 2,712

Wagi_ze_wzoru:
0,01 0,01 0,7766872117302261 0 1,824
0,01 0,01 0,808505874499968 0 1,816
0,01 0,01 0,7791353985344606 0 1,832
0,01 0,01 0,8160335289222852 0 1,824
0,01 0,01 0,8362964900294038 0 0,928
0,01 0,01 0,8249840744651618 0 0,92
0,01 0,01 0,767766640687565 0 1,816
0,01 0,01 0,7745929261811256 0 1,808
0,01 0,01 0,7557484323061177 0 0,92
0,01 0,01 0,8157585103037837 0 1,808
0,01 0,01 0,7454060804557257 0 0,904
0,01 0,01 0,7944650418613405 0 0,912
0,01 0,01 0,732756603613695 0 0,904
0,01 0,01 0,7915479167378097 0 0,928
0,01 0,01 0,7690944904527581 0 0,936
0,01 0,01 0,80037327101974 0 0,928
0,01 0,01 0,7170213484184642 0 0,0
0,01 0,01 0,7297774092835639 0 0,92
0,01 0,01 0,7933922691405617 0 1,816
0,01 0,01 0,7840688957178804 0 0,912

Rownoodlegle_na_srodkowej_lini:
0,01 0,01 0,7480843285402314 0 0,0
0,01 0,01 0,7715529223536094 0 0,0
0,01 0,01 0,795992956243391 0 0,888
0,01 0,01 0,80414714688029 0 0,0
0,01 0,01 0,7367713969393299 0 0,0
0,01 0,01 0,7512802708960319 0 0,888
0,01 0,01 0,768694620496582 0 0,0
0,01 0,01 0,7772371503744555 0 0,0
0,01 0,01 0,7456629477544489 0 0,0
0,01 0,01 0,7593444955443731 0 0,888
0,01 0,01 0,7908262802339966 0 0,0
0,01 0,01 0,7436470577275313 0 0,904
0,01 0,01 0,7742433875271844 0 0,904
0,01 0,01 0,7226690093820926 0 0,0
0,01 0,01 0,7530620276260716 0 0,0
0,01 0,01 0,7566410957261931 0 0,904
0,01 0,01 0,8147715268131784 0 0,0
0,01 0,01 0,7662524855030068 0 0,888
0,01 0,01 0,7533453072117328 0 0,888
0,01 0,01 0,7475474706203106 0 0,0

Rownoodlegle_na_symetrycznych_liniach:
0,01 0,01 0,7813937740605609 0 0,0
0,01 0,01 0,7561946673106238 0 0,0
0,01 0,01 0,7362574227372165 0 0,0
0,01 0,01 0,772142808781235 0 0,0
0,01 0,01 0,812025112358915 0 0,0
0,01 0,01 0,7553075935077392 0 0,0
0,01 0,01 0,7507086043612329 0 0,0
0,01 0,01 0,7481598899535324 0 0,0
0,01 0,01 0,75712113276691 0 0,888
0,01 0,01 0,7961257601560032 0 0,0
0,01 0,01 0,8046413074949135 0 0,0
0,01 0,01 0,7780185361931403 0 0,0
0,01 0,01 0,7611892226400273 0 0,888
0,01 0,01 0,7546887310250414 0 0,0
0,01 0,01 0,7173452855156968 0 0,888
0,01 0,01 0,7901472368213168 0 0,0
0,01 0,01 0,747664513285981 0 0,0
0,01 0,01 0,7824339880995304 0 0,0
0,01 0,01 0,7322111421822843 0 0,0
0,01 0,01 0,7602387537210618 0 0,0
