Normalnie:
0,8247248154459149 11 13,75
0,8590284552274119 12 14,444444444444445
0,8549697965208318 12 15,333333333333334
0,6660992392510299 9 15,5
0,8463951963178372 11 15,0
0,8396099035131456 11 14,375
0,7685914291984624 11 15,0
1,0343583277485817 13 15,125
0,7649183906210723 10 15,285714285714286
0,819546856343588 11 14,5
0,7160837582667807 9 14,444444444444445
0,9335511631407666 12 14,11111111111111
0,9514090109661132 12 14,714285714285714
0,7393018683262448 10 14,25
0,6423531689846124 8 15,214285714285714
0,879810380395841 10 15,411764705882353
0,8276673917382175 11 15,0
1,0406433149713619 13 14,571428571428571
0,8100068457165281 11 16,0
0,7614056774339645 10 15,285714285714286

Normalnie_oraz_meczenie:
0,8579252375610975 3 4,776
0,8158028855781708 1 12,52
0,7966005593935908 1 10,008
0,912519240408683 2 12,528
1,0611361646971451 3 4,152
0,9212315075056651 2 9,376
0,871381210944214 2 4,064
0,7643080891997306 0 10,328
0,7039585537110072 0 9,496
0,7508200363678679 0 4,688
0,8526146324844873 2 14,352
0,7271947824729793 1 4,776
0,8842583257826617 0 6,064
1,0176669610758962 3 5,048
0,7710409982074361 0 7,68
1,3705747407363529 5 10,568
0,930730920159131 2 6,096
0,8583300616218639 0 5,96
0,8633116268094337 1 13,2
0,8382330710757503 1 3,544

Mniejszy_zakres_losowania:
0,674849565563554 0 6,288
0,7779713816374816 0 7,848
0,786132878651218 0 1,824
0,6755549921986874 0 8,832
0,8382991124754947 0 7,304
0,7310401766376285 0 4,968
0,7658249037711422 0 12,184
0,7184034972114611 0 9,704
0,7253927293134469 0 7,88
0,7874030336141736 0 6,976
0,7639962117280168 0 13,312
0,7254963340359258 0 15,896
0,8087528537789057 0 4,664
0,7415581285127251 0 6,8
0,74806224573664 0 11,96
0,731063100328621 0 4,816
0,6721006363199943 0 16,856
0,6504706200005688 0 12,904
0,7465366572559314 0 4,632
0,7386031116712934 0 7,248

Rownoodlegle_na_srodkowej_lini:
0,8643772199119693 0 2,24
0,7589637529637981 0 3,248
0,7309118024214514 0 14,896
0,7112127219631929 0 17,12
0,8117836679582849 0 7,48
0,6746720458087389 0 10,928
0,7248581383225997 0 11,96
0,7491505528738637 0 14,216
0,6973802192349132 0 9,976
0,8416360960292802 0 1,928
0,8343983099679626 0 12,744
0,7466716553365008 0 5,992
0,7738193565986008 0 14,232
0,8029147929441042 0 11,952
0,6918384442682962 0 3,656
0,7437070135834625 0 6,090909090909091
0,8407194160857139 0 9,536
0,7824104545563834 0 0,552
0,6822401362112217 0 8,616
0,7556776899728694 0 5,568

Rownoodlegle_na_symetrycznych_liniach:
0,7124510224988669 0 5,848
0,6411955294413679 0 12,456
0,7274724597059239 0 3,9565217391304346
0,8365193974906359 0 11,304
0,743300686791187 0 3,096
0,6576622546786312 0 7,72
0,8039959144066247 0 10,752
0,7790812473009379 0 16,704
0,6905734035643534 0 2,712
0,7277968741446753 0 11,52
0,6943734482106912 0 9,56
0,7781163909452752 0 5,824
0,6954999496539183 0 8,192
0,7199318334137382 0 9,92
0,8720770960135142 0 11,656
0,7560556659480646 0 11,256
0,8068398017438789 0 6,5
0,6961168627173439 0 3,168
0,6973772658195007 0 5,208
0,6961112284892494 0 14,328
