Normalnie:
1,0505609765388366 10 15,333333333333334
1,130907796953172 10 14,541666666666666
1,024378138087535 7 14,363636363636363
1,0243429320323705 9 11,75
1,0444975969499821 8 12,5
0,9895167502947422 8 13,88888888888889
0,9088789349889911 5 12,0
1,1276216326075543 11 14,181818181818182
1,0708303965749462 9 14,722222222222221
1,1316950280709708 10 13,909090909090908
1,1060671010679277 10 13,333333333333334
0,9306189393694274 7 15,052631578947368
0,9232141544864634 8 12,117647058823529
1,0144056816971132 10 13,631578947368421
0,887441379315101 6 11,88888888888889
1,0654992353761294 10 13,785714285714286
1,1422727939455264 11 13,666666666666666
0,9384014906603394 6 14,416666666666666
1,1160704098478944 9 12,0
0,900184815114815 6 12,384615384615385

Normalnie_oraz_meczenie:
1,845996775009969 0 3,792
1,824274920277556 1 3,456
2,01400849363286 0 3,016
2,220729135527786 0 1,96
2,04079924765278 0 2,576
1,9148045537585412 0 6,68
1,322529228496707 0 3,656
2,0613734693733448 0 1,2
1,9370617568071018 0 2,208
1,815856476979338 0 2,168
2,199518085248501 1 2,0
1,3754906372896112 2 4,92
2,043350331602352 0 1,136
2,1106864036916266 0 1,12
1,8508033546426745 0 3,736
2,3161135772963215 2 2,976
1,7697570005563505 0 3,568
2,0024638526695595 0 1,032
2,17989612861547 0 1,136
2,053135534059213 1 2,0

Mniejszy_zakres_losowania:
1,961972739387458 0 2,768
1,974536753129814 0 1,88
2,136158291937683 0 1,992
1,5072056385978359 0 9,52
1,7835597206297549 0 6,584
2,1908320405176163 0 0,32
2,1268455203598724 0 3,8
1,8949017595518143 0 0,016
2,2324257691563396 0 1,2
2,1153520825314343 0 0,048
1,6291677485832263 0 3,888
2,1234072676889864 0 1,656
1,8823803313464935 0 1,656
2,0812490395947503 0 0,968
1,965987333152508 0 2,376
1,8920924771869538 0 4,816
1,9664580102621103 0 2,192
1,9365990036920013 0 3,992
2,004838906687291 0 3,896
2,0462327983123867 0 2,432

Rownoodlegle_na_srodkowej_lini:
2,208211499329898 0 2,784
2,20303268090993 0 0,992
2,326134633187778 0 1,928
1,9931357116213801 0 1,624
2,1874600119314316 0 1,272
2,0517637577316505 0 0,984
2,288201749313403 0 1,352
2,238897359501941 0 1,608
2,159426964336073 0 1,264
2,106939349641588 0 1,136
2,166073642602277 0 2,904
2,1669115153462313 0 0,984
2,132206626055943 0 1,936
2,085995383215704 0 2,456
2,0890941890662624 0 1,528
2,156650897907378 0 0,976
1,7029979901263697 0 3,824
2,1510106095084742 0 1,32
2,1385163699494227 0 1,12
2,196465704060692 0 0,984

Rownoodlegle_na_symetrycznych_liniach:
1,7444441138583977 0 1,472
2,19782713160871 0 0,328
2,1462718794727134 0 1,92
2,2313460869222546 0 1,104
2,2203115676462257 0 2,4
2,18651057778329 0 2,392
2,188059190505071 0 1,512
2,1106772276253936 0 2,056
2,3877954829326464 0 2,192
2,183909568761709 0 1,848
2,3055659528717425 0 2,392
2,2153942460416087 0 2,768
2,2502799962613156 0 1,768
2,2537603697500166 0 6,552
2,089089925507392 0 2,904
2,1549209759713905 0 2,256
2,175943389921554 0 1,304
2,1628145448751805 0 1,464
2,0993253684136004 0 1,784
