1 2,239898993132439 1,5526786264857995
1 2,331115618642848 1,6203836184304177
1 1,9950135486552962 1,8473699391445684
1 2,1287034170370944 1,5543447179328227
1 3,17774518614449 2,6100467024668514
1 3,177867285645945 2,610356226030562
1 1,9673630331513818 1,6696442410627035
1 3,514189387919476 3,0153892531036974
1 3,559117867173499 3,140215907476825
1 2,06061367930671 1,891242504481543
1 3,559145411936429 3,1399198646059343
1 2,9348782538932245 2,2812160587125447
6 0,6289058317407327 0,38612348282137704
6 0,26160475624229546 0,24610741461873337
6 0,4030630236329931 0,32313102487212964
6 0,22655821347225322 0,18984557605743102
6 0,31248263659126657 0,21346215000902222
6 0,5071109386683973 0,28912335798391775
6 0,5207495952805773 0,3662740726660214
6 1,0784217739666448 0,8736091159795673
6 0,6257583714900341 0,573013923766438
6 0,30776640935874744 0,18451116852801805
6 0,20032381195134583 0,08835150442499053
6 1,0280452821437502 0,4608752134752069
11 0,17499875237507517 0,15947564918946144
11 0,1059095465012074 0,06504717550196767
11 0,46847894247843114 0,2330766282008477
11 0,7483010378449673 0,44985849922753074
11 0,07798782516900316 0,034039397650246314
11 0,3475240373157651 0,15996232448619005
11 0,17886928924972573 0,09611461269026238
11 0,4616311650650879 0,3373314825861251
11 0,13572291831939762 0,06321232627441843
11 0,19635661407982308 0,10092253233626955
11 0,38657304689382643 0,26648423756248846
11 0,28072419568952217 0,12309907650752505
16 0,20825085291084933 0,13365390129834112
16 0,5588777604063246 0,3406968880560892
16 0,2118335397394039 0,11821245180811127
16 0,07663649050772847 0,051289218280595364
16 0,08141881311186554 0,05068352936883019
16 0,33804250996229446 0,1542117169799203
16 0,17430095534840456 0,2551289689851888
16 0,08936075781963915 0,05366634178740854
16 0,07023325188828851 0,038579973657652665
16 0,284341875011191 0,1478484065568353
16 0,33154810003580176 0,23872308325197833
16 0,11803015291863038 0,038296265406444235
21 0,15226907097182749 0,09357258341711817
21 0,23542184824908305 0,09327566282013677
21 0,07862746024692993 0,03406819644119584
21 0,08204966595302884 0,04160174036605906
21 0,05781500990555715 0,02912256738590602
21 0,10111686071897079 0,07654861578462353
21 0,09828203973052639 0,04553872626194522
21 0,3949561906781144 0,23841799464514168
21 0,0719265545530758 0,03195540775872655
21 0,11052096999422142 0,05722294012441288
21 0,13974230190827433 0,08538694446484713
21 0,15806080758140914 0,08046113789992113
26 0,09733768433894327 0,04847814914326837
26 0,07525728491250779 0,03337291914955906
26 0,07131831279587489 0,03229307018186577
26 0,060761882369820476 0,022651650771028587
26 0,1438851018553904 0,07962005102419382
26 0,11315028626496068 0,058497315711422866
26 0,05830575585761802 0,023891438575724344
26 0,4200658241275226 0,24138580415228736
26 0,16981806814373837 0,07600696298551232
26 0,5143884733941617 0,247216317081088
26 0,32317081893454214 0,17680500985009273
26 0,06094976749672184 0,03432251137650338
31 0,12589162159248465 0,06015459194119471
31 0,12239841352005865 0,047533631455318616
31 0,12228210372019338 0,07164910650211292
31 0,08258122387617339 0,0395548835563059
31 0,09120580253187108 0,0489829738088078
31 0,08470890064424792 0,04631275082017567
31 0,05657621955351014 0,0211136692149686
31 0,6195677467957436 0,3274850262976319
31 0,10992012167993118 0,05616715107404105
31 0,5527342580339095 0,27852561941772924
31 0,22042526734355194 0,11386477109914225
31 0,12243940020675939 0,07072962908918566
36 0,1045238511560242 0,05155999338892256
36 0,4450788612703463 0,254442317148909
36 0,08103732706183235 0,02330837585532172
36 0,21233637707159994 0,09650783687738299
36 0,06504306774481138 0,029795212265471195
36 0,06856310546643035 0,0306116299034859
36 0,1001221099816712 0,05256995626064283
36 0,16868005068641198 0,088506860372652
36 0,0655908580153705 0,035596200947072915
36 0,11501638113825903 0,05545884362842477
36 0,10220067595972852 0,04652973580179423
36 0,15872600851755042 0,06354427612315064
41 0,09716555197844055 0,044968890274020894
41 0,36063864884368957 0,21481095782880819
41 0,10586131408449016 0,05584963449315138
41 0,36258682495816785 0,2276971675384597
41 0,06268219602580409 0,026310075833509656
41 0,6376240597829174 0,35178708128688946
41 0,29323041490203794 0,15204897830330885
41 0,04613409527199676 0,013038987445066477
41 0,5641807830187723 0,30115435022048315
41 0,12816462379604285 0,06324323064144236
41 0,0852481443523042 0,03885895308852625
41 0,3484693866811953 0,18671008056501004
