1 0.896077488748407 1.3387139266836712 0.9165324033614314 1.3539072371188738
1 0.9040789193750417 1.3446775965822007 0.8980185748343137 1.3401631056213372
1 0.9040890956464428 1.344685164375991 0.8941356500616506 1.3372626144939899
1 0.8960697806493945 1.3387081688324716 0.9179260140714188 1.3549361712430728
1 0.9040779739274041 1.3446768934784328 0.8983898399853054 1.340440106819626
2 0.034111936996939166 0.2611970022681699 0.11427468206193483 0.4780683676252484
2 0.9040394376250546 1.344648234762575 0.7845922944066167 1.2526709818676385
2 0.9042871315052549 1.3448324293422247 0.8290221865742053 1.2876507186144892
2 0.9225412576887267 1.3583381447111957 0.7549691110630835 1.2287954354269741
2 0.03427007591664444 0.2618017414634381 0.11280740552885847 0.47498927467650987
3 0.9221247198386829 1.3580314575433685 0.7162278467214778 1.196852410885718
3 0.031175993378122827 0.24970379804129061 0.21222224765221856 0.6514940485564217
3 0.9217306373883599 1.3577412399926283 0.6957512684420503 1.1796196577219713
3 0.030377404995950142 0.24648490824369002 0.1539493380800184 0.5548861830682368
3 0.031193682815902058 0.249774629680046 0.1306330353090867 0.5111419280573385
4 0.03075713388691739 0.24802070029300938 0.26741376810061845 0.7313190385879729
4 0.03033377328331472 0.24630782887807168 0.18137711597060335 0.6022908200705094
4 0.032269440648252136 0.25404503792930944 0.22075491480490217 0.6644620603238415
4 0.021774959506759492 0.20868617350825852 0.18645202020646845 0.6106586938813996
4 0.0295535654464517 0.24311958146744042 0.23593812342759146 0.6869324907552291
5 0.03232246843297643 0.25425368604201765 0.20796632761876527 0.6449284109399511
5 0.03211172486445226 0.25342345931050764 0.14535743595241135 0.5391798140739532
5 0.022800654388925774 0.21354462947555378 0.17080724470313902 0.5844779631485503
5 0.02340644563602761 0.2163628694394101 0.3155675994592661 0.7944401795720885
5 0.02231419148160874 0.21125430874473894 0.2172820532610133 0.6592147650971014
6 0.028439636017380567 0.23849375680457788 0.3089789979368009 0.7861030440556771
6 0.022697052205522854 0.2130589223924821 0.22961245918419648 0.6776613596542103
6 0.023442864868285288 0.21653112879346142 0.1939139620447273 0.6227583191651915
6 0.026541910012497935 0.230399262205841 0.4082053434917057 0.9035544737222053
6 0.02446886958763436 0.2212187586423645 0.2906954531145248 0.7624899384444687
7 0.023823038194547796 0.21827981214279893 0.25085842650384427 0.7083197392475298
7 0.02511282712615428 0.2241108079774569 0.30974468759574325 0.7870764735344886
7 0.03151218360916027 0.25104654392825354 0.34328790133427073 0.8285986982059177
7 0.022485613073110595 0.2120642028872888 0.23089523960721017 0.6795516751612201
7 0.02525958787599404 0.22476471198119174 0.21854713013079577 0.6611310462091397
8 0.02442988612261104 0.22104246706282954 0.28021976786986413 0.7486250969208341
8 0.028366257570353163 0.23818588358823098 0.277698729686041 0.7452499308098471
8 0.024345805605710757 0.22066175747378955 0.2615521761162761 0.7232595331086569
8 0.025100163649977 0.22405429542848315 0.2514533745733834 0.7091591846311848
8 0.026120720611215183 0.22856386683469976 0.2637593039770948 0.726304762447686
9 0.026328098945213225 0.22946938333997074 0.279877390968963 0.748167616205036
9 0.03297432012275071 0.25680467333267404 0.30557008350922166 0.7817545439704481
9 0.025681375508081784 0.22663351697435127 0.2538484658933585 0.7125285480503339
9 0.029023795255663985 0.24093067573749916 0.25106652842053223 0.708613474922023
9 0.025164021359718527 0.22433912436183986 0.2354977721311066 0.6862911512340905
10 0.030189732664270403 0.24572233380085906 0.24629209202062338 0.7018434184640095
10 0.03054714192138996 0.24717257906729848 0.28760725054827435 0.7584289690515181
10 0.028928661181877258 0.24053549086102557 0.25533789585433975 0.714615835053128
10 0.029535235729978255 0.2430441759432974 0.2643568413404406 0.7271270058805966
10 0.031986495772378463 0.25292882703392455 0.254514764947096 0.7134630543302098
11 0.03708506561940423 0.27234193808300705 0.2464904859325621 0.7021260370226446
11 0.02875176689539137 0.23979894451557277 0.30410130281898656 0.7798734548873767
11 0.027035832042434586 0.23253314620687773 0.22728808757282024 0.674222645085168
11 0.028674310629350237 0.2394757216477288 0.29585334046811285 0.7692247272002023
11 0.03506098779206314 0.26480554296337205 0.27372162483067647 0.7398940800285896
12 0.0314817535320535 0.2509253017615143 0.38225292404451494 0.8743602507485286
12 0.031013169243259073 0.249050875297635 0.31937260725826866 0.7992153742994046
12 0.046996166750952896 0.30658169140036035 0.2544047529764964 0.7133088433161282
12 0.041255409609934915 0.28724696555380674 0.2625993963947455 0.7247060043834955
12 0.02824848900354058 0.2376909295852098 0.2741115965955029 0.7404209567475827
13 0.036949569572866256 0.2718439610249463 0.3444189104464022 0.8299625418612604
13 0.03588375286311829 0.2678945795014087 0.3012482355632695 0.7762064616624491
13 0.03755414275196822 0.27405890882059725 0.3084308512875703 0.7854054383406959
13 0.04261121103881888 0.2919287962459986 0.2819682981435629 0.7509571201387771
13 0.0396780771939348 0.28170224420098183 0.25686223127520214 0.716745744703381
14 0.07857275740136407 0.39641583571135014 0.34282415592964643 0.8280388347531128
14 0.0500197507180343 0.3162902171045899 0.22520405736276813 0.6711245150682073
14 0.06298785614852258 0.35493057391135685 0.3762702142552959 0.8674908809380025
14 0.03286307281772548 0.2563711092058755 0.336782752774451 0.8207103664197876
14 0.04515787775234143 0.3005257984012069 0.2580599615382138 0.7184148683570153
15 0.02980910232344198 0.2441683940375657 0.29757725320193207 0.7714625761525079
15 0.028697600134537805 0.23957295395990677 0.30659012703518085 0.7830582699073944
15 0.030191013757836917 0.24572754732767313 0.31184158138258533 0.7897361348989741
15 0.06827669051457601 0.3695312991197796 0.33230175999577793 0.815232187779381
15 0.05394828564749109 0.3284761350463412 0.2691971099972036 0.733753514468181
16 0.1103572874773921 0.46980269790070833 0.29875917081244685 0.772993105806833
16 0.05951024649774294 0.3449934680475645 0.32880737792463427 0.8109344954120946
16 0.03306394982279886 0.25715345544168317 0.28213324000549445 0.7511767302113325
16 0.09123056659508193 0.4271546946835114 0.5176480373138674 1.0174949998047829
16 0.044610471489817664 0.2986987495448137 0.3105543203779119 0.7881044605607964
17 0.06065271547080615 0.34828929202835435 0.3528980992704675 0.8401167767286492
17 0.12061113335697964 0.4911438350564519 0.4418800422461916 0.940085147469304
17 0.12398132708314871 0.49795848638847134 0.45190766519561315 0.9506920270998523
17 0.07508357363051389 0.38751406072686934 0.2836107186160848 0.7531410473690633
17 0.07586263273734338 0.38951927484360355 0.3672034986495594 0.8569754939898333
18 0.03303315768692778 0.2570336852901883 0.30581149579273886 0.782063291291362
18 0.0439745729389563 0.2965622124915995 0.28221805604363087 0.7512896326233057
18 0.10768249998867417 0.4640743474674595 0.29177155512256087 0.7638999347068448
18 0.06395551003347573 0.35764650154440414 0.2820440192355798 0.7510579461474058
18 0.03454057802598085 0.26283294323954465 0.3296823219559106 0.8120127116688637
19 0.08097251827285844 0.40242395125752256 0.27729674164436746 0.7447103351563847
19 0.04704588082066834 0.306743804568791 0.32671214246227653 0.8083466366136207
19 0.046072999752551684 0.3035555954106321 0.28009791633803616 0.7484623121280538
19 0.032249745741800145 0.2539675008413484 0.28100880355195895 0.7496783357573553
19 0.03808941864294495 0.2760051399628092 0.32771026961946575 0.8095804711323832
20 0.07110464903973984 0.3771064810892007 0.29544053436800644 0.7686878877255794
20 0.13266323221817805 0.5150984997418999 0.35555502502219916 0.8432734135761653
20 0.0300134209510752 0.2450037589551442 0.27568755053634675 0.7425463629112282
20 0.0331533641696732 0.25750092881258974 0.32103165550127744 0.8012885316804147
20 0.04959250062048549 0.3149365035066132 0.323082567137944 0.8038439738381373
