Normalnie:
0,01 0,1 1,2478756415478542 13 15,141975308641975
0,01 0,1 0,765732667671829 11 12,887931034482758
0,01 0,1 0,9030109546412158 12 14,344537815126051
0,01 0,1 0,7311461165067092 10 12,86
0,01 0,1 0,9499420278408992 11 15,00438596491228
0,01 0,1 0,7911999195508355 9 12,588
0,01 0,1 1,0282042245212124 13 14,70183486238532
0,01 0,1 0,7504990777529852 10 12,04
0,01 0,1 0,8500392289309336 11 13,621848739495798
0,01 0,1 0,6183734482180596 7 8,768
0,01 0,1 0,7894770938980318 11 13,123152709359607
0,01 0,1 0,9330841527233856 11 13,409356725146198
0,01 0,1 1,096559649362432 12 14,58125
0,01 0,1 1,0618636695660308 13 14,526011560693641
0,01 0,1 1,0356612771095515 13 14,198717948717949
0,01 0,1 1,069574673651849 13 14,079710144927537
0,01 0,1 0,8098642681054163 10 13,763948497854077
0,01 0,1 1,3207224394327615 14 14,96031746031746
0,01 0,1 0,9473790033163676 12 13,576470588235294
0,01 0,1 1,0561099805245564 12 15,893333333333333

Wieksze_parametry:
0,03 0,3 0,4745716460968737 0 1,716
0,03 0,3 0,507575680821505 1 2,132
0,03 0,3 0,5099374285368764 0 2,112
0,03 0,3 0,5491576166261336 0 1,244
0,03 0,3 0,5171678152503439 0 2,144
0,03 0,3 0,45619462243250986 0 3,088
0,03 0,3 0,7109224726041705 2 4,532
0,03 0,3 0,5066341736975543 0 4,424
0,03 0,3 0,5378344260456089 1 3,308
0,03 0,3 0,5040063251690456 0 2,028
0,03 0,3 0,6923242949685681 1 3,28
0,03 0,3 0,6115189924815084 0 2,172
0,03 0,3 0,47947786416288607 0 1,38
0,03 0,3 0,5701249814845805 0 2,448
0,03 0,3 0,6370745535831275 0 2,944
0,03 0,3 0,5819378394551199 0 4,028
0,03 0,3 0,569700077264522 1 4,22
0,03 0,3 0,5984507727558208 2 4,088
0,03 0,3 0,599734105520914 0 3,312
0,03 0,3 0,5935116548697238 1 6,416

Meczenie_neuronow:
0,03 0,3 0,5853129828800904 0 0,148
0,03 0,3 0,5693185056962287 0 0,288
0,03 0,3 0,48139387232682523 0 0,072
0,03 0,3 0,531593702831864 0 0,2
0,03 0,3 0,5272453499079904 0 0,828
0,03 0,3 0,587954709780181 0 1,08
0,03 0,3 0,6213939246270617 0 1,68
0,03 0,3 0,5506703573119778 0 0,472
0,03 0,3 0,6381062027581271 0 0,76
0,03 0,3 0,5381905879815219 0 0,0
0,03 0,3 0,5174258097271834 0 0,328
0,03 0,3 0,5824237593650421 0 0,384
0,03 0,3 0,6301610520685057 0 0,0
0,03 0,3 0,6444629634455329 0 1,112
0,03 0,3 0,5422893009444137 0 1,036
0,03 0,3 0,5895227221863205 0 3,464
0,03 0,3 0,6004895193835934 0 0,0
0,03 0,3 0,4936802532907562 0 0,076
0,03 0,3 0,6638887679862674 0 0,356
0,03 0,3 0,5819292228944932 0 0,0

Rownoodlegle_na_srodkowej_lini_oraz_meczenie:
0,03 0,3 0,5094293914646293 0 4,172
0,03 0,3 0,5657673608437919 0 6,676
0,03 0,3 0,5652608842911593 0 4,591194968553459
0,03 0,3 0,5690062489636686 0 1,912
0,03 0,3 0,5492915410625613 0 0,896
0,03 0,3 0,6024989491834009 0 0,0
0,03 0,3 0,5193823603069536 0 3,404
0,03 0,3 0,5709352484522917 0 3,076
0,03 0,3 0,6011294735572174 0 2,836
0,03 0,3 0,4969140130473232 0 1,448
0,03 0,3 0,5381382877407866 0 3,52
0,03 0,3 0,5316908196062256 0 0,0
0,03 0,3 0,5326112675277292 0 4,627118644067797
0,03 0,3 0,5444272631596676 0 6,127551020408164
0,03 0,3 0,5421009840758996 0 5,553191489361702
0,03 0,3 0,558742522202749 0 0,0
0,03 0,3 0,5223509710128017 0 0,516
0,03 0,3 0,5342984227694608 0 7,148
0,03 0,3 0,5663051127915373 0 1,42
0,03 0,3 0,5419473522330752 0 2,58

Rownoodlegle_na_symetrycznych_liniach_oraz_meczenie:
0,03 0,3 0,518525980698152 0 3,6163522012578615
0,03 0,3 0,5354869644490389 0 6,811059907834101
0,03 0,3 0,5289242359696392 0 4,666666666666667
0,03 0,3 0,5145845002425963 0 6,819148936170213
0,03 0,3 0,513115873771935 0 5,192
0,03 0,3 0,5256442827648332 0 2,9237288135593222
0,03 0,3 0,5260878606583822 0 4,14
0,03 0,3 0,5084794280847278 0 5,385542168674699
0,03 0,3 0,6075411433143503 0 1,924
0,03 0,3 0,512806921758129 0 5,7844311377245505
0,03 0,3 0,5000578944800844 0 4,271028037383178
0,03 0,3 0,48284343207309377 0 6,876
0,03 0,3 0,6067646519141143 0 0,552
0,03 0,3 0,5808635234790753 0 2,696
0,03 0,3 0,6069339278645202 0 6,48
0,03 0,3 0,5294844261185909 0 4,266272189349112
0,03 0,3 0,608720558789551 0 5,468
0,03 0,3 0,5451837754325948 0 5,168
0,03 0,3 0,5584439312305632 0 6,98
0,03 0,3 0,5473790558283339 0 5,312
