Normalnie:
0,005 0,01 0,7969178142444063 10 10,008
0,005 0,01 0,7909743137807483 10 10,008
0,005 0,01 0,819849151752378 11 11,0
0,005 0,01 0,9944046504627417 11 11,976
0,005 0,01 1,0527085219295478 12 13,192
0,005 0,01 0,7945696831675526 9 10,912
0,005 0,01 0,9361247635073052 12 12,0
0,005 0,01 1,0565623649030162 12 12,992
0,005 0,01 0,8624381633099414 11 11,0
0,005 0,01 0,8118069121296393 11 11,048
0,005 0,01 1,2055389269206862 14 14,0
0,005 0,01 0,7793334230040572 10 10,992
0,005 0,01 0,7037004218577512 10 10,0
0,005 0,01 0,9399991636300032 11 11,992
0,005 0,01 0,9715412373201775 12 12,0
0,005 0,01 0,8787780296765206 11 11,008
0,005 0,01 0,8766086406226361 9 10,976
0,005 0,01 0,7657990585902626 11 11,008
0,005 0,01 0,9601410302936872 12 12,0
0,005 0,01 0,835045387268374 11 11,0

Wieksze_wagi:
0,05 0,1 1,253833824134446 6 10,76
0,05 0,1 0,9605379936864888 3 9,112
0,05 0,1 1,0471179493182408 1 7,36
0,05 0,1 0,9152809632138892 5 11,12
0,05 0,1 1,122918003501123 2 7,416
0,05 0,1 0,7437467097055322 4 11,368
0,05 0,1 0,9894535679659872 3 8,048
0,05 0,1 1,1050211002209394 4 9,416
0,05 0,1 0,6991013730521469 4 11,0
0,05 0,1 0,8141432207969239 5 12,632
0,05 0,1 1,0154869809138574 3 7,68
0,05 0,1 0,8166888983477597 5 11,224
0,05 0,1 1,1462706282189818 2 8,304
0,05 0,1 0,8026549223132932 4 10,552
0,05 0,1 0,7281296028888773 5 12,232
0,05 0,1 0,8733792384215011 4 10,464
0,05 0,1 0,8994877698637758 4 10,144
0,05 0,1 0,89376004980623 5 12,216
0,05 0,1 0,9869090396056314 1 7,976
0,05 0,1 1,0654405495234425 5 11,4

Wagi_ze_wzoru:
0,01 0,01 0,46817944519455185 0 2,728
0,01 0,01 0,4369887056127437 0 1,808
0,01 0,01 0,4400110706939311 0 1,856
0,01 0,01 0,4250380968932345 0 2,704
0,01 0,01 0,4191609737896249 0 1,856
0,01 0,01 0,42519069697248624 0 1,8
0,01 0,01 0,40766714624728423 0 1,824
0,01 0,01 0,3907039839302035 0 0,936
0,01 0,01 0,41966653212827265 0 1,84
0,01 0,01 0,420932619294223 0 2,72
0,01 0,01 0,43917381567185115 0 3,656
0,01 0,01 0,41850179891237793 0 1,824
0,01 0,01 0,4104021987089527 0 1,824
0,01 0,01 0,43919585002821304 0 1,824
0,01 0,01 0,42931823689982757 0 2,768
0,01 0,01 0,40694710295446906 0 0,92
0,01 0,01 0,46580141462561403 0 3,656
0,01 0,01 0,48403423495255904 0 3,656
0,01 0,01 0,41657853796262934 0 1,832
0,01 0,01 0,4640444820383685 0 3,672

Rownoodlegle_na_srodkowej_lini:
0,01 0,01 0,35282632824986926 0 0,0
0,01 0,01 0,3908954532604474 0 0,904
0,01 0,01 0,37447316166293937 0 0,912
0,01 0,01 0,4070254535803343 0 0,888
0,01 0,01 0,3797430373805813 0 0,904
0,01 0,01 0,4580574119027579 0 1,816
0,01 0,01 0,37517349720152215 0 0,912
0,01 0,01 0,42136135626407845 0 1,776
0,01 0,01 0,3830029270951665 0 1,824
0,01 0,01 0,39654538262516476 0 0,912
0,01 0,01 0,38757869761116626 0 0,904
0,01 0,01 0,35075523729941677 0 0,904
0,01 0,01 0,42281949262340185 0 1,776
0,01 0,01 0,3999677640545196 0 0,912
0,01 0,01 0,38505708229092706 0 0,888
0,01 0,01 0,3846242010705857 0 0,904
0,01 0,01 0,3662372809663885 0 0,0
0,01 0,01 0,3861275637237383 0 0,912
0,01 0,01 0,4070976145872904 0 0,888
0,01 0,01 0,4164223737097321 0 1,792

Rownoodlegle_na_symetrycznych_liniach:
0,01 0,01 0,34694013807590174 0 0,0
0,01 0,01 0,37051567674293334 0 0,0
0,01 0,01 0,38197856621976195 0 0,0
0,01 0,01 0,34672328233486566 0 0,0
0,01 0,01 0,38346240414304744 0 0,0
0,01 0,01 0,3539216988950183 0 0,0
0,01 0,01 0,351027892694673 0 0,0
0,01 0,01 0,3581937022935744 0 0,0
0,01 0,01 0,3844362194443451 0 0,0
0,01 0,01 0,3629039836743281 0 0,0
0,01 0,01 0,3708810297919646 0 0,0
0,01 0,01 0,36285091736760144 0 0,0
0,01 0,01 0,3573041172872787 0 0,0
0,01 0,01 0,3606982948798385 0 0,0
0,01 0,01 0,3685566735994634 0 0,0
0,01 0,01 0,3594219531736855 0 0,0
0,01 0,01 0,375268701841757 0 0,0
0,01 0,01 0,37009750584812656 0 0,0
0,01 0,01 0,37325789494982164 0 0,0
0,01 0,01 0,35006076406334957 0 0,0
